+67.3824406, +74.8501960, -0.1441983
+64.1613208, +65.2579352, -0.3609049
+74.1953369, +61.7016852, +0.2008632
+62.8581114, +46.9851411, -0.2244556
+83.9087962, +42.4638035, +0.1298689
+70.7364091, +36.6226742, -0.1114571
+91.3138911, +35.8655711, +0.1418143
+71.2318779, +31.2562896, -0.2143369
+70.0753792, +23.9204215, -0.3237391
+61.0725853, +21.6144003, -0.3181835
+80.9411508, +19.2262352, -0.2446598
+80.2075806, +12.6887911, -0.2773775
+72.3625246, +5.8806841, -0.4065051
+60.4891557, +5.5286416, -0.1418881
+95.9369461, +0.5539487, -0.0801316
+89.3943551, +0.0801811, -0.3632566
+73.9028606, -6.2836540, -0.3343235
+91.9787111, -7.2313672, -0.2644005
+65.5009769, -14.5945364, -0.2820500
+78.0673754, -16.4781263, -0.1850972
+101.5004895, -20.4240568, +0.4649406
+67.4366368, -22.8857433, -0.2901877
+86.0628048, -27.0438088, +0.0475189
+62.4365505, -28.5564364, -0.3182934
+92.8975594, -32.0174617, +0.1834072
+69.6559135, -35.0753354, -0.3740790
+81.6442143, -35.1478270, +0.0224734
+63.8632647, -43.8321077, -0.2991566
+97.6955973, -49.4552502, -0.3070961
+80.8238097, -52.2151793, -0.3656874
+64.6462044, -55.0821715, -0.2443130
+67.1751128, -69.2141210, +0.1534308
+43.6999473, +92.3233880, -0.2830838
+56.6261674, +73.4016857, -0.5338576
+43.6817708, +66.2960532, -0.4397040
+35.0161905, +64.8273943, -0.3370102
+43.5806135, +56.8310146, -0.3542594
+55.4763131, +56.9161239, -0.6443849
+35.3754281, +55.9217306, -0.3003826
+47.1098768, +51.0526811, -0.3692486
+34.5437456, +40.8371076, -0.1306726
+51.8572772, +38.6666062, -0.3205334
+42.6985341, +25.6478111, -0.0261230
+53.2854407, +20.7560508, -0.1744405
+41.5568218, +15.7349390, -0.0975072
+56.0858375, +12.9206492, -0.2173636
+41.0431251, +7.3495382, -0.1219540
+36.7799182, -1.8615124, -0.2721615
+43.6502338, -5.2873201, -0.2811120
+48.1920065, -7.5260105, -0.2550347
+37.9194996, -10.7183414, -0.1571587
+45.4385358, -11.8555258, -0.2594803
+45.3089681, -18.4443359, -0.1498203
+43.7889171, -26.5280117, -0.1141837
+48.0472268, -34.4288556, -0.1872657
+38.3125399, -34.6699379, -0.2617815
-690.9262901, -258.0983775, -2.3657052
-1045.4969610, +339.4558164, -4.4924783
-229.3070240, +923.7448538, -1.0207555
-588.5428309, +272.5178642, -0.5548304
+126.3510809, +955.0388773, -0.7941750
+151.3054935, -80.2713650, -0.1436852
-283.8424956, -399.6858309, +0.4849809
-790.1433320, +849.2428285, -0.8081206
+27.8132214, +98.7990263, -0.2415293
+30.9689959, +89.1951592, -0.3927460
+23.4690452, +83.1624139, -0.4259298
+29.6765883, +76.6569923, -0.4356726
+26.9051799, +66.6697058, -0.2896778
+16.4548767, +53.9793793, -0.3705536
+26.4578683, +34.5914983, -0.0941910
+16.7781696, +30.8252497, -0.4826908
+30.5641604, +29.2281255, -0.1345120
+33.2332859, +19.9494498, -0.1204762
+21.3731527, +18.0454594, -0.2685038
+20.0430082, +9.5284942, -0.1100747
+30.3710495, +9.2246539, -0.2358956
+25.0975814, +6.0566355, +0.0538188
+17.7308219, +2.5385822, +0.2000649
+31.5096251, -5.3640715, -0.1022923
+21.0226030, -8.8106534, +0.2571411
+24.2492431, -16.5782417, +0.2126925
+30.8473831, -18.7443604, +0.1161017
+34.1936561, -22.5363262, +0.0502568
+23.8202247, -30.1348223, -0.0093700
+32.3012385, -33.1159966, -0.1088403
+18.8705141, -37.9519124, -0.3039027
+28.6957709, -44.1947457, -0.4722344
+17.5560127, -52.8160959, -0.2133934
+25.2745489, -60.6834261, -0.0903938
+24.4168340, -67.8523666, +0.0310156
+30.3183793, -74.8489244, +0.1101531
+31.4413282, -83.4991986, +0.1197027
+17.7478833, -84.2960635, +0.0992032
+27.3045935, -93.2047235, -0.0059086
+19.6507270, -96.8058658, +0.0738068
+10.0543080, +100.8715917, -0.3081359
+10.3362201, +77.2609948, -0.0052393
+11.3073081, +67.3596596, -0.0988732
+4.3916857, +58.9956847, -0.4142366
+10.6198366, +51.1194239, -0.5338171
-0.8247361, +50.7753982, -0.5177962
+2.9192071, +46.2791882, -0.3836156
+12.0198908, +44.9723465, -0.4721679
+12.9745257, +37.9525769, -0.4734777
+5.5327986, +36.2330282, -0.4518931
+10.9130819, +27.8157666, -0.3390510
+9.9739491, +17.1330801, -0.1633964
+2.8474544, +15.6049522, -0.1120489
-0.8890708, +12.3319511, -0.0518781
+11.1950937, +12.1424157, -0.0268837
+5.9031053, +1.6379983, +0.1914714
+0.2601358, -2.9664773, +0.2690659
+4.5919259, -5.5669724, +0.3675699
-0.7548824, -8.3759558, +0.3050760
+4.0696391, -11.3802056, +0.3304293
-0.1747294, -16.0506407, +0.1555074
+5.6691236, -19.1052774, +0.1048734
+12.5031002, -19.9420080, +0.1741807
-0.6173542, -23.4363348, -0.0989983
-321.9620901, -52.3335347, +0.0323621
-263.8136528, +297.3278246, +0.4880526
-9.3286323, +440.5884513, +0.0593107
-296.9064869, +370.9467823, +0.5793507
+137.6140110, +557.6822497, -0.9347564
-675.8514692, -64.1100636, -1.7018618
-335.0965494, +801.1222629, -0.8794966
-847.9007789, +413.3286399, -1.9943456
-15.0727228, +98.8509085, -0.1658628
-4.0874887, +97.7023621, -0.3520450
-5.9580968, +86.3916907, +0.1312406
-12.3065032, +80.7120797, +0.2258032
-15.4645824, +76.0849313, +0.2187517
-4.8931589, +74.6727398, +0.0730708
-16.8673680, +58.1660239, -0.2635157
-13.5166432, +53.5566297, -0.3675991
-18.8650045, +53.1773967, -0.2448735
-9.8719985, +40.7909457, -0.4545489
-3.4058402, +36.0417418, -0.5165184
-11.0899034, +34.3071971, -0.4171548
-18.0299449, +31.1329008, -0.3210921
-5.8528479, +28.2608221, -0.4432402
-3.3198117, +23.9338918, -0.4292033
-13.7509163, +22.6032145, -0.3618874
-6.6042972, +15.9159666, -0.2003512
-9.6542266, +5.5155106, -0.1083996
-14.6119079, +4.1387515, -0.1066753
-10.4046689, -6.7329387, -0.0648850
-9.7935145, -13.9961955, +0.0118334
-6.4866420, -22.0158153, -0.0484859
-18.1361998, -22.4054815, +0.0012635
-13.9960346, -29.5033530, -0.0559229
-9.3584795, -35.9477861, +0.0042465
-8.1891065, -44.3708839, +0.1490475
-3.6067359, -46.7552940, +0.1107234
-10.1885119, -51.9265779, +0.2730346
-8.3113543, -56.6018384, +0.2105484
-3.8462357, -80.4205965, -0.0265280
-11.4427488, -86.5115680, -0.0199358
-15.2683405, -99.5768369, +0.1035234
-35.2075221, +100.2556462, -0.3206444
-21.9898088, +82.3135608, +0.4115376
-36.3797730, +74.8158875, +0.4259880
-19.8693932, +65.3981487, +0.0393786
-34.6767156, +52.7763291, +0.0903157
-20.1922260, +43.5094671, -0.2309228
-28.9945397, +34.9960110, +0.1213402
-34.3637853, +31.2740571, +0.3338441
-29.3374703, +26.7879885, +0.0956341
-37.0114008, +19.5558746, +0.2482699
-24.8857488, +16.2247956, -0.1752334
-23.6972446, +7.6283598, -0.1789044
-36.4788192, +6.0279793, +0.2637003
-19.4455190, +4.0768266, -0.2531800
-30.8282463, +3.2603369, +0.0594935
-27.7266996, -4.9131226, +0.0099175
-31.2582727, -9.3956589, +0.1815830
-19.3514832, -14.8209862, +0.0030943
-28.8853506, -16.3221639, +0.1845368
-35.0119015, -23.7400996, +0.1499716
-21.8808799, -26.0626846, +0.1300017
-26.4831360, -41.1787315, +0.1866606
-31.8057472, -41.4629430, +0.1782274
-18.9590773, -42.7008724, +0.1364805
-661.8697248, +576.2502981, -0.2109503
+147.3296332, +99.9608778, -0.2755988
+314.9650020, +644.9776204, -1.1402248
-539.7133627, +571.6864101, -0.1318479
+123.7535988, +646.7221657, -0.6948949
-173.1637845, +685.4569886, -0.9984034
+353.4590990, +542.8454868, -0.6799247
-779.1805804, +28.2634609, -3.0399372
-53.3529807, +89.5378469, -0.2116666
-44.3966706, +84.8089477, -0.0927531
-59.8869393, +81.2728699, +0.0068343
-43.3562062, +63.9114070, +0.2984530
-55.1080690, +61.2883713, +0.4248187
-38.3907937, +59.8633398, +0.2671014
-61.2461226, +53.0411385, +0.4616645
-50.0968986, +50.7563544, +0.3141297
-40.7371509, +47.5698681, +0.1742524
-41.4454448, +39.5983170, +0.2314922
-63.1384617, +34.0766097, +0.4566329
-47.9981647, +27.7769801, +0.3923993
-59.1625328, +20.0631291, +0.4852186
-47.9263281, +15.8435399, +0.3416573
-39.4573621, +11.9557324, +0.2417711
-49.1999566, +7.9305998, +0.4850685
-49.3488153, +2.8228686, +0.4706068
-45.8988069, -2.3692349, +0.4354577
-47.4290677, -12.4398379, +0.2574960
-41.4074337, -18.4684403, +0.2800625
-58.5371100, -19.6042493, +0.1682853
-51.7140403, -24.4913241, +0.1971420
-39.7235184, -25.1941682, +0.2723410
-45.0287144, -36.3073638, +0.1092379
-49.6168034, -39.0420287, +0.0633215
-39.0245028, -42.0859164, +0.1776821
-56.9535477, -43.2633025, +0.1198088
-50.1777651, -55.3027808, +0.1751530
-53.5747878, -69.2244776, +0.0481579
-42.8249145, -70.6130162, -0.0488594
-61.2473554, -77.9003604, +0.1759288
-46.0996423, -85.9723562, +0.2526867
-73.9865270, +75.6362983, +0.3922352
-79.4530902, +58.6304290, +0.7152430
-64.2403206, +57.2130525, +0.5526977
-78.2552564, +44.5841128, +0.6625192
-74.3035054, +38.8473025, +0.5626641
-84.8614488, +36.5473950, +0.5997857
-89.6807694, +28.9468772, +0.5235857
-86.8093986, +19.8782495, +0.5901771
-64.2278391, +16.0301840, +0.4091118
-82.5831506, +7.7337770, +0.4956511
-67.6473163, +5.6700623, +0.2534774
-76.7632206, +1.5917936, +0.3368046
-92.2705717, -2.2920004, +0.6886411
-63.2128377, -4.3512493, +0.2357652
-999.7229320, +554.6041159, -4.8669753
-768.2590642, +379.5150668, -2.5323285
-266.8012246, +260.0192320, +0.3008008
-158.2389766, +496.1100169, -0.0152804
-789.7726800, -202.9062160, -2.6859337
-425.3518819, +121.6385447, +0.4069378
-403.3507422, +532.9852341, -0.5594549
-1111.7649350, +52.8637817, -3.8988820
-81.4495455, -42.6637113, +0.3567734
-75.2070105, -42.9068156, +0.2193837
-81.5376057, -52.7160839, +0.3873351
-68.9523707, -54.4608846, +0.0241590
-71.3620519, -66.5722920, +0.1878778
+87.2731647, +250.3091207, +0.0772104
-76.4874203, +253.8220980, -0.1185715
-211.1299053, +160.3833644, +0.2664329
-265.0940230, +5.7100896, +1.1570252
-217.8258700, -151.1976949, +0.4418055
