18.4006
97.5368
71.7962
68.7761
87.4155
76.7514
94.1597
73.8951
82.7433
84.9814
104.4629
94.1120
61.2476
48.3000
67.6541
61.0871
82.4856
84.1161
132.3679
80.3904
91.7938
76.9212
56.5170
56.8296
55.4609
53.4396
50.1488
51.4469
82.7217
77.1777
71.5754
67.8830
80.8271
78.0845
73.7662
73.0671
52.6016
52.7666
56.5964
58.2784
45.1840
43.2740
54.7718
58.3107
37.3027
35.6981
56.3759
51.1653
61.8397
50.8102
72.2875
69.5333
45.5113
43.1083
78.1909
73.9689
62.0552
59.9874
69.9140
70.2636
80.6751
74.0943
92.7838
77.6003
66.2388
52.7121
106.4898
103.9403
58.1444
52.3322
88.1632
87.5445
101.9716
91.2733
89.1333
78.0154
89.3419
85.1470
91.8818
82.1280
72.9221
65.6194
132.4641
121.1164
81.5587
94.1198
71.2161
70.8610
55.3548
66.3097
98.1690
93.8764
85.7439
48.4986
71.0027
71.9508
97.2538
90.5742
106.6652
94.9624
66.6045
61.4849
97.9729
96.1482
65.9595
63.4339
68.9392
63.6992
76.5326
73.6965
69.4253
67.5932
0.2885
0.3933
37.0555
0.8936
8.5470
8.5412
0.3433
0.2511
36.3691
0.3584
5.1156
41.0585
63.8462
27.4730
74.8548
11.8938
73.9778
72.8726
79.3906
72.4337
89.0596
79.6348
59.8084
54.6510
98.7459
97.5860
70.0292
73.9330
69.0822
51.8279
154.9062
125.8671
63.8173
68.9471
74.0909
69.9802
54.3548
51.9991
54.9402
51.5108
83.0765
86.5979
37.3894
8.5587
55.5987
50.8536
75.1972
70.0455
49.2326
53.2431
48.1214
47.4784
32.0967
0.1734
31.7815
28.7011
55.4841
53.8710
39.1043
36.4718
62.0136
57.6256
62.4499
0.2555
55.2371
57.9103
57.8248
66.2922
42.1288
41.8233
69.7705
49.0746
72.9185
71.5607
71.5856
75.5231
81.3231
77.3484
46.3431
45.9285
78.7933
65.4273
63.6803
66.0780
44.2978
44.2588
51.7683
54.5340
94.7732
85.9916
90.8776
85.6768
84.1180
81.8312
80.2471
80.5193
7.2648
0.1760
8.9866
144.3127
45.7149
49.1460
49.0618
529.6328
73.5623
68.0374
79.0605
84.0788
52.9568
39.9599
87.4466
77.9767
74.5153
69.5856
47.1870
49.5971
53.1645
49.4541
33.3182
32.1967
51.8251
55.7229
49.2137
51.8738
53.4311
47.4930
85.6431
74.3733
33.5477
20.0189
0.3575
41.2346
11.7556
100.1123
46.8247
30.6427
41.7573
28.4789
0.3984
0.3712
15.3783
9.7022
0.1552
0.1592
31.8720
177.3750
136.1828
125.7553
58.8511
56.8911
92.1891
88.3952
65.2413
57.3470
98.0528
100.5636
73.0826
69.6274
85.4220
82.2131
89.7296
85.6826
67.4973
68.6916
73.7211
69.7598
65.8307
68.4333
93.2984
95.9141
75.2256
68.4297
77.2168
69.6372
71.8312
63.7052
60.8015
65.8444
68.2576
0.3564
67.5817
65.4188
77.7514
74.5772
51.9941
0.3822
92.4458
84.3458
75.3401
77.6665
85.0430
72.1078
63.2390
67.1886
53.9475
51.7915
58.8606
57.1169
54.0945
56.6212
60.3669
56.4266
29.3057
0.2256
88.1738
86.2583
58.6774
52.4290
1.0208
90.7679
62.8747
0.3766
97.6562
87.0213
68.6805
63.1215
166.0816
11.0622
86.0493
71.7962
81.5910
79.6306
209.2196
78.8782
68.9058
0.3386
71.8444
69.4222
83.8187
77.7425
96.9633
94.2955
104.7228
89.6451
81.2473
79.2183
75.9022
82.7274
85.7850
85.0429
46.3132
44.4490
121.6063
114.5820
0.2926
0.3409
83.7173
78.3601
80.2583
89.8449
60.3515
58.3085
62.3226
57.5048
64.3564
59.3895
20.6911
39.2878
32.6003
36.6992
0.6639
29.9857
36.0480
30.9918
56.4487
33.9569
27.4340
30.7176
6.8430
48.1059
84.7669
116.2681
94.6633
109.4282
116.9082
103.4953
94.5709
105.6861
57.9019
53.6412
123.4946
113.2444
0.4826
142.0307
82.2813
78.8977
103.0827
78.2583
62.4734
67.0201
115.9873
106.9478
71.0910
67.1868
86.9108
70.2960
83.4297
71.2238
85.6143
81.1152
95.9643
84.0066
62.7285
57.6323
52.6852
50.0239
70.4305
57.5520
95.2458
97.0041
67.2275
65.6346
84.6948
84.7227
69.6463
64.6847
110.5576
105.7074
84.5975
77.2742
82.1075
82.8906
51.6772
56.0691
56.0457
55.6934
0.2674
94.0728
0.3145
41.3022
70.9128
71.7491
0.3768
0.2354
57.6555
51.9549
84.2634
67.4518
0.1664
0.3229
125.0216
114.4476
99.7676
80.8765
87.2490
89.3308
90.8653
78.1536
88.1286
93.3697
62.9637
67.7168
94.7366
93.0173
57.5500
54.1985
66.2103
58.0986
65.4118
59.6205
25.2465
0.2173
98.9349
99.2754
0.2111
50.6824
61.9796
48.6602
22.0272
0.2187
18.8612
3.1213
12.7367
13.7075
26.9333
21.1740
29.4482
19.9164
35.2478
27.2612
0.2161
0.5382
0.5567
0.5299
0.3099
25.0257
0.3443
29.8228
0.5178
21.9810
0.4007
19.8702
0.3630
37.4048
0.2111
38.9271
0.3908
19.0305
0.2915
53.0078